INDEX.

1113311131. 33. 0231. 01. mantuus 1. 202. p. 233. 223. p.
0. 202. 11. 132. 0223. lv. 312. 131. 0. 233. 11. sur.
111. p. 131. 0233. lv. 10. 0233. 100. ’

14001101. l. 4. 4. 0. 208. 0. 286. 164. 0312. 14300.

1001100. SululPar. lV. 0. 168. 301. 0. 312. 432. 0. 301.

(1311110301. 11. Apoll. 20. 0. 61. Nicander Alexlplr. 540. 0. 48.
110101. XXXll. 3. 0. 211. 1110301330. 111033Μ. 3321011003

0110110133. p. 233. 33133. p. 131. ’
0211. 1101111. 135. 0. 46. 399. Νο0103 0. 449, 23. 0. 16.

0. 281. Cum. 1811. 0. 301. Nunuus 1v. 338. 0. 209. Vll.
85. 0. 283. 183. 0. 134. 329. 0. 166.

0113113. lV. 254. 0. 213. XXXVlll. 334. 0. 134.

cuc. 110. uam. v111. 3. 0. 13. our. 0101. 11. 113. 323. 0. 230.
1)1111.Χ111. 21. 0. 31 010. 33. Vl. 316. 0. 290.

Tunc. l. 28. 0. 43. 130131. Petronius 3. 121. 0. 295.
111. 38. 043. phanocles ap. Plutarch. 80310111.

11100131. lll. 512. 0. 229. 5. 0.·199.

lll'egla 36 111033. 20. 0. 313. 25. ΡΙ301.1)000.1.1.8.0.16. 'l'ru-
59. 0. 398. cul. ll. 2. 24. 0. 45. 111131.

1100103 3011000194. 23. 0. 63. 2. 149. 0. 45.

1031181130. 1101030. 268. Plutarch. 111. Dum. 4. 0. 18.

Galenus lX. 0. 119. 11130313 85. 0. 156. 0. 352.

Gellius l. 24. 0. 41. 0. 400. 0350. 86. 0. 350.

110131. (l. Ill. 11. 15. 0. 288. 0. 400.

 

